84 234
92 50 75 24 28 22 25 22 86 88 12 91 97 20 91 37 93 99 2 57 60 93 82 15 4 67 22 63 95 57 88 39 64 11 88 98 33 79 21 88 42 40 10 70 84 47 85 5 28 41 44 96 9 40 13 32 86 77 20 63 37 35 72 96 36 26 12 74 64 20 84 19 42 62 26 86 78 17 61 65 34 66 98 299 4 2 3 5 6 9 4 7 4 5 7 2 8 6 6 5 3 10 7 6 4 6 1 1 8 6 8 8 2 1 2 6 7 7 9 8 10 9 7 7 4 5 5 6 5 3 6 2 10 1 5 9 1 7 7 7 5 5 8 7 6 6 1 7 1 8 8 2 3 4 3 9 10 4 8 3 3 1 2 2 1 4 18 3 0 1 2 6 4 0 2 0 1 1 2 8 3 4 5 2 4 7 3 3 3 0 1 1 1 8 2 0 0 1 2 4 3 9 2 3 1 4 3 2 3 0 1 1 3 4 2 7 1 3 2 0 2 2 3 5 1 0 3 2 2 1 3 1 4 3 1 3 4 2 0 3 2 4 1 2 0 2 1 1 0 05 50
23 50
23 42
1 50
21 82
21 50
21 81
21 2
21 44
21 48
21 32
21 77
21 18
21 16
21 76
21 49
21 73
21 10
21 45
26 10
26 20
26 50
27 50
27 16
27 58
27 3
49 61
49 25
49 2
49 50
49 45
60 45
60 50
81 25
81 62
81 15
81 50
81 45
81 55
81 42
79 50
44 50
44 67
44 42
44 66
44 69
44 32
44 80
44 51
82 25
82 2
82 69
82 11
82 48
82 8
82 28
82 50
82 45
82 32
2 50
2 61
2 43
2 66
2 45
2 38
16 50
70 57
70 50
34 48
34 50
30 50
41 50
75 65
75 50
54 8
54 50
54 74
66 53
66 71
66 57
66 8
66 13
66 50
69 8
69 50
69 39
69 6
69 4
69 62
69 42
69 48
69 22
69 45
69 32
77 53
77 52
77 61
77 39
77 10
77 33
77 50
77 15
77 71
77 32
77 59
36 50
61 45
61 52
61 3
61 50
31 48
31 50
39 50
39 42
39 32
39 11
53 50
53 20
65 25
65 19
65 50
65 11
20 50
20 10
20 9
24 32
24 50
29 50
72 71
72 50
72 59
76 33
76 25
76 50
8 25
8 42
8 50
8 74
8 6
8 48
8 28
8 38
14 50
14 3
57 50
57 32
58 50
3 50
3 19
3 71
19 50
35 50
55 17
55 45
55 42
55 52
55 50
55 62
59 50
47 50
56 50
80 50
9 50
67 25
67 50
67 42
78 50
6 25
6 48
6 42
6 50
6 62
6 45
6 38
17 45
17 50
25 50
25 42
25 45
25 11
40 50
46 50
62 48
62 50
62 42
62 45
74 50
7 50
32 50
32 22
32 10
32 11
32 48
32 84
28 50
28 33
28 48
84 50
45 52
45 50
45 42
45 64
45 11
10 50
37 52
37 50
52 50
52 4
4 50
33 50
48 50
48 18
48 42
48 63
64 50
73 50
83 50
11 42
11 50
63 50
38 50
38 51
15 50
51 50
18 50
68 50
42 50
42 22
12 50
50 71
50 13
50 43
50 22
43 71
